{
 "cells": [
  {
   "cell_type": "code",
   "execution_count": 3,
   "id": "eb73377a",
   "metadata": {},
   "outputs": [
    {
     "data": {
      "text/plain": [
       "array([   8.3252    ,   41.        ,    6.98412698,    1.02380952,\n",
       "        322.        ,    2.55555556,   37.88      , -122.23      ])"
      ]
     },
     "execution_count": 3,
     "metadata": {},
     "output_type": "execute_result"
    }
   ],
   "source": [
    "import pandas as pd\n",
    "from sklearn.datasets import fetch_california_housing\n",
    "\n",
    "california_housing = fetch_california_housing()\n",
    "\n",
    "california_housing.data[0]\n"
   ]
  },
  {
   "cell_type": "code",
   "execution_count": null,
   "id": "0bc19c2f",
   "metadata": {},
   "outputs": [
    {
     "data": {
      "text/html": [
       "<div>\n",
       "<style scoped>\n",
       "    .dataframe tbody tr th:only-of-type {\n",
       "        vertical-align: middle;\n",
       "    }\n",
       "\n",
       "    .dataframe tbody tr th {\n",
       "        vertical-align: top;\n",
       "    }\n",
       "\n",
       "    .dataframe thead th {\n",
       "        text-align: right;\n",
       "    }\n",
       "</style>\n",
       "<table border=\"1\" class=\"dataframe\">\n",
       "  <thead>\n",
       "    <tr style=\"text-align: right;\">\n",
       "      <th></th>\n",
       "      <th>MedInc</th>\n",
       "      <th>HouseAge</th>\n",
       "      <th>AveRooms</th>\n",
       "      <th>AveBedrms</th>\n",
       "      <th>Population</th>\n",
       "      <th>AveOccup</th>\n",
       "      <th>Latitude</th>\n",
       "      <th>Longitude</th>\n",
       "    </tr>\n",
       "  </thead>\n",
       "  <tbody>\n",
       "    <tr>\n",
       "      <th>0</th>\n",
       "      <td>8.3252</td>\n",
       "      <td>41.0</td>\n",
       "      <td>6.984127</td>\n",
       "      <td>1.023810</td>\n",
       "      <td>322.0</td>\n",
       "      <td>2.555556</td>\n",
       "      <td>37.88</td>\n",
       "      <td>-122.23</td>\n",
       "    </tr>\n",
       "    <tr>\n",
       "      <th>1</th>\n",
       "      <td>8.3014</td>\n",
       "      <td>21.0</td>\n",
       "      <td>6.238137</td>\n",
       "      <td>0.971880</td>\n",
       "      <td>2401.0</td>\n",
       "      <td>2.109842</td>\n",
       "      <td>37.86</td>\n",
       "      <td>-122.22</td>\n",
       "    </tr>\n",
       "    <tr>\n",
       "      <th>2</th>\n",
       "      <td>7.2574</td>\n",
       "      <td>52.0</td>\n",
       "      <td>8.288136</td>\n",
       "      <td>1.073446</td>\n",
       "      <td>496.0</td>\n",
       "      <td>2.802260</td>\n",
       "      <td>37.85</td>\n",
       "      <td>-122.24</td>\n",
       "    </tr>\n",
       "    <tr>\n",
       "      <th>3</th>\n",
       "      <td>5.6431</td>\n",
       "      <td>52.0</td>\n",
       "      <td>5.817352</td>\n",
       "      <td>1.073059</td>\n",
       "      <td>558.0</td>\n",
       "      <td>2.547945</td>\n",
       "      <td>37.85</td>\n",
       "      <td>-122.25</td>\n",
       "    </tr>\n",
       "    <tr>\n",
       "      <th>4</th>\n",
       "      <td>3.8462</td>\n",
       "      <td>52.0</td>\n",
       "      <td>6.281853</td>\n",
       "      <td>1.081081</td>\n",
       "      <td>565.0</td>\n",
       "      <td>2.181467</td>\n",
       "      <td>37.85</td>\n",
       "      <td>-122.25</td>\n",
       "    </tr>\n",
       "  </tbody>\n",
       "</table>\n",
       "</div>"
      ],
      "text/plain": [
       "   MedInc  HouseAge  AveRooms  AveBedrms  Population  AveOccup  Latitude  \\\n",
       "0  8.3252      41.0  6.984127   1.023810       322.0  2.555556     37.88   \n",
       "1  8.3014      21.0  6.238137   0.971880      2401.0  2.109842     37.86   \n",
       "2  7.2574      52.0  8.288136   1.073446       496.0  2.802260     37.85   \n",
       "3  5.6431      52.0  5.817352   1.073059       558.0  2.547945     37.85   \n",
       "4  3.8462      52.0  6.281853   1.081081       565.0  2.181467     37.85   \n",
       "\n",
       "   Longitude  \n",
       "0    -122.23  \n",
       "1    -122.22  \n",
       "2    -122.24  \n",
       "3    -122.25  \n",
       "4    -122.25  "
      ]
     },
     "execution_count": 66,
     "metadata": {},
     "output_type": "execute_result"
    }
   ],
   "source": [
    "x = pd.DataFrame(california_housing.data , columns=california_housing.feature_names)\n",
    "\n",
    "x.head()"
   ]
  },
  {
   "cell_type": "code",
   "execution_count": 117,
   "id": "297382b8",
   "metadata": {},
   "outputs": [
    {
     "data": {
      "text/html": [
       "<div>\n",
       "<style scoped>\n",
       "    .dataframe tbody tr th:only-of-type {\n",
       "        vertical-align: middle;\n",
       "    }\n",
       "\n",
       "    .dataframe tbody tr th {\n",
       "        vertical-align: top;\n",
       "    }\n",
       "\n",
       "    .dataframe thead th {\n",
       "        text-align: right;\n",
       "    }\n",
       "</style>\n",
       "<table border=\"1\" class=\"dataframe\">\n",
       "  <thead>\n",
       "    <tr style=\"text-align: right;\">\n",
       "      <th></th>\n",
       "      <th>MedInc</th>\n",
       "      <th>HouseAge</th>\n",
       "      <th>AveRooms</th>\n",
       "      <th>AveBedrms</th>\n",
       "      <th>Population</th>\n",
       "      <th>AveOccup</th>\n",
       "      <th>Latitude</th>\n",
       "      <th>Longitude</th>\n",
       "      <th>MedHouseVal</th>\n",
       "    </tr>\n",
       "  </thead>\n",
       "  <tbody>\n",
       "    <tr>\n",
       "      <th>0</th>\n",
       "      <td>8.3252</td>\n",
       "      <td>41.0</td>\n",
       "      <td>6.984127</td>\n",
       "      <td>1.023810</td>\n",
       "      <td>322.0</td>\n",
       "      <td>2.555556</td>\n",
       "      <td>37.88</td>\n",
       "      <td>-122.23</td>\n",
       "      <td>4.526</td>\n",
       "    </tr>\n",
       "    <tr>\n",
       "      <th>1</th>\n",
       "      <td>8.3014</td>\n",
       "      <td>21.0</td>\n",
       "      <td>6.238137</td>\n",
       "      <td>0.971880</td>\n",
       "      <td>2401.0</td>\n",
       "      <td>2.109842</td>\n",
       "      <td>37.86</td>\n",
       "      <td>-122.22</td>\n",
       "      <td>3.585</td>\n",
       "    </tr>\n",
       "    <tr>\n",
       "      <th>2</th>\n",
       "      <td>7.2574</td>\n",
       "      <td>52.0</td>\n",
       "      <td>8.288136</td>\n",
       "      <td>1.073446</td>\n",
       "      <td>496.0</td>\n",
       "      <td>2.802260</td>\n",
       "      <td>37.85</td>\n",
       "      <td>-122.24</td>\n",
       "      <td>3.521</td>\n",
       "    </tr>\n",
       "    <tr>\n",
       "      <th>3</th>\n",
       "      <td>5.6431</td>\n",
       "      <td>52.0</td>\n",
       "      <td>5.817352</td>\n",
       "      <td>1.073059</td>\n",
       "      <td>558.0</td>\n",
       "      <td>2.547945</td>\n",
       "      <td>37.85</td>\n",
       "      <td>-122.25</td>\n",
       "      <td>3.413</td>\n",
       "    </tr>\n",
       "    <tr>\n",
       "      <th>4</th>\n",
       "      <td>3.8462</td>\n",
       "      <td>52.0</td>\n",
       "      <td>6.281853</td>\n",
       "      <td>1.081081</td>\n",
       "      <td>565.0</td>\n",
       "      <td>2.181467</td>\n",
       "      <td>37.85</td>\n",
       "      <td>-122.25</td>\n",
       "      <td>3.422</td>\n",
       "    </tr>\n",
       "  </tbody>\n",
       "</table>\n",
       "</div>"
      ],
      "text/plain": [
       "   MedInc  HouseAge  AveRooms  AveBedrms  Population  AveOccup  Latitude  \\\n",
       "0  8.3252      41.0  6.984127   1.023810       322.0  2.555556     37.88   \n",
       "1  8.3014      21.0  6.238137   0.971880      2401.0  2.109842     37.86   \n",
       "2  7.2574      52.0  8.288136   1.073446       496.0  2.802260     37.85   \n",
       "3  5.6431      52.0  5.817352   1.073059       558.0  2.547945     37.85   \n",
       "4  3.8462      52.0  6.281853   1.081081       565.0  2.181467     37.85   \n",
       "\n",
       "   Longitude  MedHouseVal  \n",
       "0    -122.23        4.526  \n",
       "1    -122.22        3.585  \n",
       "2    -122.24        3.521  \n",
       "3    -122.25        3.413  \n",
       "4    -122.25        3.422  "
      ]
     },
     "execution_count": 117,
     "metadata": {},
     "output_type": "execute_result"
    }
   ],
   "source": [
    "y = pd.Series(california_housing.target , name= \"MedHouseVal\")\n",
    "df= pd.concat([x,y] , axis= 1)\n",
    "\n",
    "df.head()"
   ]
  },
  {
   "cell_type": "code",
   "execution_count": 68,
   "id": "2bda624f",
   "metadata": {},
   "outputs": [
    {
     "name": "stdout",
     "output_type": "stream",
     "text": [
      "<class 'pandas.core.frame.DataFrame'>\n",
      "RangeIndex: 20640 entries, 0 to 20639\n",
      "Data columns (total 9 columns):\n",
      " #   Column       Non-Null Count  Dtype  \n",
      "---  ------       --------------  -----  \n",
      " 0   MedInc       20640 non-null  float64\n",
      " 1   HouseAge     20640 non-null  float64\n",
      " 2   AveRooms     20640 non-null  float64\n",
      " 3   AveBedrms    20640 non-null  float64\n",
      " 4   Population   20640 non-null  float64\n",
      " 5   AveOccup     20640 non-null  float64\n",
      " 6   Latitude     20640 non-null  float64\n",
      " 7   Longitude    20640 non-null  float64\n",
      " 8   MedHouseVal  20640 non-null  float64\n",
      "dtypes: float64(9)\n",
      "memory usage: 1.4 MB\n",
      "None\n"
     ]
    },
    {
     "data": {
      "text/html": [
       "<div>\n",
       "<style scoped>\n",
       "    .dataframe tbody tr th:only-of-type {\n",
       "        vertical-align: middle;\n",
       "    }\n",
       "\n",
       "    .dataframe tbody tr th {\n",
       "        vertical-align: top;\n",
       "    }\n",
       "\n",
       "    .dataframe thead th {\n",
       "        text-align: right;\n",
       "    }\n",
       "</style>\n",
       "<table border=\"1\" class=\"dataframe\">\n",
       "  <thead>\n",
       "    <tr style=\"text-align: right;\">\n",
       "      <th></th>\n",
       "      <th>MedInc</th>\n",
       "      <th>HouseAge</th>\n",
       "      <th>AveRooms</th>\n",
       "      <th>AveBedrms</th>\n",
       "      <th>Population</th>\n",
       "      <th>AveOccup</th>\n",
       "      <th>Latitude</th>\n",
       "      <th>Longitude</th>\n",
       "      <th>MedHouseVal</th>\n",
       "    </tr>\n",
       "  </thead>\n",
       "  <tbody>\n",
       "    <tr>\n",
       "      <th>count</th>\n",
       "      <td>20640.000000</td>\n",
       "      <td>20640.000000</td>\n",
       "      <td>20640.000000</td>\n",
       "      <td>20640.000000</td>\n",
       "      <td>20640.000000</td>\n",
       "      <td>20640.000000</td>\n",
       "      <td>20640.000000</td>\n",
       "      <td>20640.000000</td>\n",
       "      <td>20640.000000</td>\n",
       "    </tr>\n",
       "    <tr>\n",
       "      <th>mean</th>\n",
       "      <td>3.870671</td>\n",
       "      <td>28.639486</td>\n",
       "      <td>5.429000</td>\n",
       "      <td>1.096675</td>\n",
       "      <td>1425.476744</td>\n",
       "      <td>3.070655</td>\n",
       "      <td>35.631861</td>\n",
       "      <td>-119.569704</td>\n",
       "      <td>2.068558</td>\n",
       "    </tr>\n",
       "    <tr>\n",
       "      <th>std</th>\n",
       "      <td>1.899822</td>\n",
       "      <td>12.585558</td>\n",
       "      <td>2.474173</td>\n",
       "      <td>0.473911</td>\n",
       "      <td>1132.462122</td>\n",
       "      <td>10.386050</td>\n",
       "      <td>2.135952</td>\n",
       "      <td>2.003532</td>\n",
       "      <td>1.153956</td>\n",
       "    </tr>\n",
       "    <tr>\n",
       "      <th>min</th>\n",
       "      <td>0.499900</td>\n",
       "      <td>1.000000</td>\n",
       "      <td>0.846154</td>\n",
       "      <td>0.333333</td>\n",
       "      <td>3.000000</td>\n",
       "      <td>0.692308</td>\n",
       "      <td>32.540000</td>\n",
       "      <td>-124.350000</td>\n",
       "      <td>0.149990</td>\n",
       "    </tr>\n",
       "    <tr>\n",
       "      <th>25%</th>\n",
       "      <td>2.563400</td>\n",
       "      <td>18.000000</td>\n",
       "      <td>4.440716</td>\n",
       "      <td>1.006079</td>\n",
       "      <td>787.000000</td>\n",
       "      <td>2.429741</td>\n",
       "      <td>33.930000</td>\n",
       "      <td>-121.800000</td>\n",
       "      <td>1.196000</td>\n",
       "    </tr>\n",
       "    <tr>\n",
       "      <th>50%</th>\n",
       "      <td>3.534800</td>\n",
       "      <td>29.000000</td>\n",
       "      <td>5.229129</td>\n",
       "      <td>1.048780</td>\n",
       "      <td>1166.000000</td>\n",
       "      <td>2.818116</td>\n",
       "      <td>34.260000</td>\n",
       "      <td>-118.490000</td>\n",
       "      <td>1.797000</td>\n",
       "    </tr>\n",
       "    <tr>\n",
       "      <th>75%</th>\n",
       "      <td>4.743250</td>\n",
       "      <td>37.000000</td>\n",
       "      <td>6.052381</td>\n",
       "      <td>1.099526</td>\n",
       "      <td>1725.000000</td>\n",
       "      <td>3.282261</td>\n",
       "      <td>37.710000</td>\n",
       "      <td>-118.010000</td>\n",
       "      <td>2.647250</td>\n",
       "    </tr>\n",
       "    <tr>\n",
       "      <th>max</th>\n",
       "      <td>15.000100</td>\n",
       "      <td>52.000000</td>\n",
       "      <td>141.909091</td>\n",
       "      <td>34.066667</td>\n",
       "      <td>35682.000000</td>\n",
       "      <td>1243.333333</td>\n",
       "      <td>41.950000</td>\n",
       "      <td>-114.310000</td>\n",
       "      <td>5.000010</td>\n",
       "    </tr>\n",
       "  </tbody>\n",
       "</table>\n",
       "</div>"
      ],
      "text/plain": [
       "             MedInc      HouseAge      AveRooms     AveBedrms    Population  \\\n",
       "count  20640.000000  20640.000000  20640.000000  20640.000000  20640.000000   \n",
       "mean       3.870671     28.639486      5.429000      1.096675   1425.476744   \n",
       "std        1.899822     12.585558      2.474173      0.473911   1132.462122   \n",
       "min        0.499900      1.000000      0.846154      0.333333      3.000000   \n",
       "25%        2.563400     18.000000      4.440716      1.006079    787.000000   \n",
       "50%        3.534800     29.000000      5.229129      1.048780   1166.000000   \n",
       "75%        4.743250     37.000000      6.052381      1.099526   1725.000000   \n",
       "max       15.000100     52.000000    141.909091     34.066667  35682.000000   \n",
       "\n",
       "           AveOccup      Latitude     Longitude   MedHouseVal  \n",
       "count  20640.000000  20640.000000  20640.000000  20640.000000  \n",
       "mean       3.070655     35.631861   -119.569704      2.068558  \n",
       "std       10.386050      2.135952      2.003532      1.153956  \n",
       "min        0.692308     32.540000   -124.350000      0.149990  \n",
       "25%        2.429741     33.930000   -121.800000      1.196000  \n",
       "50%        2.818116     34.260000   -118.490000      1.797000  \n",
       "75%        3.282261     37.710000   -118.010000      2.647250  \n",
       "max     1243.333333     41.950000   -114.310000      5.000010  "
      ]
     },
     "execution_count": 68,
     "metadata": {},
     "output_type": "execute_result"
    }
   ],
   "source": [
    "print(df.info())\n",
    "\n",
    "df.describe()"
   ]
  },
  {
   "cell_type": "markdown",
   "id": "41930118",
   "metadata": {},
   "source": [
    "nesbat charaka v std , mean che etelati mide ba tvjh b nemoodar v baqie dadeha"
   ]
  },
  {
   "cell_type": "code",
   "execution_count": 95,
   "id": "cb97956a",
   "metadata": {},
   "outputs": [
    {
     "name": "stdout",
     "output_type": "stream",
     "text": [
      "                MedInc     HouseAge    AveRooms  AveBedrms    Population  \\\n",
      "MedInc        3.609323    -2.846140    1.536568  -0.055858  1.040098e+01   \n",
      "HouseAge     -2.846140   158.396260   -4.772882  -0.463718 -4.222271e+03   \n",
      "AveRooms      1.536568    -4.772882    6.121533   0.993868 -2.023337e+02   \n",
      "AveBedrms    -0.055858    -0.463718    0.993868   0.224592 -3.552723e+01   \n",
      "Population   10.400979 -4222.270582 -202.333712 -35.527225  1.282470e+06   \n",
      "AveOccup      0.370289     1.724298   -0.124689  -0.030424  8.217120e+02   \n",
      "Latitude     -0.323860     0.300346    0.562235   0.070575 -2.631378e+02   \n",
      "Longitude    -0.057765    -2.728244   -0.136518   0.012670  2.263778e+02   \n",
      "MedHouseVal   1.508475     1.533988    0.433826  -0.025539 -3.221249e+01   \n",
      "\n",
      "               AveOccup    Latitude   Longitude  MedHouseVal  \n",
      "MedInc         0.370289   -0.323860   -0.057765     1.508475  \n",
      "HouseAge       1.724298    0.300346   -2.728244     1.533988  \n",
      "AveRooms      -0.124689    0.562235   -0.136518     0.433826  \n",
      "AveBedrms     -0.030424    0.070575    0.012670    -0.025539  \n",
      "Population   821.712002 -263.137814  226.377839   -32.212487  \n",
      "AveOccup     107.870026    0.052492    0.051519    -0.284494  \n",
      "Latitude       0.052492    4.562293   -3.957054    -0.355326  \n",
      "Longitude      0.051519   -3.957054    4.014139    -0.106274  \n",
      "MedHouseVal   -0.284494   -0.355326   -0.106274     1.331615  \n"
     ]
    },
    {
     "data": {
      "text/html": [
       "<div>\n",
       "<style scoped>\n",
       "    .dataframe tbody tr th:only-of-type {\n",
       "        vertical-align: middle;\n",
       "    }\n",
       "\n",
       "    .dataframe tbody tr th {\n",
       "        vertical-align: top;\n",
       "    }\n",
       "\n",
       "    .dataframe thead th {\n",
       "        text-align: right;\n",
       "    }\n",
       "</style>\n",
       "<table border=\"1\" class=\"dataframe\">\n",
       "  <thead>\n",
       "    <tr style=\"text-align: right;\">\n",
       "      <th></th>\n",
       "      <th>MedInc</th>\n",
       "      <th>HouseAge</th>\n",
       "      <th>AveRooms</th>\n",
       "      <th>AveBedrms</th>\n",
       "      <th>Population</th>\n",
       "      <th>AveOccup</th>\n",
       "      <th>Latitude</th>\n",
       "      <th>Longitude</th>\n",
       "      <th>MedHouseVal</th>\n",
       "    </tr>\n",
       "  </thead>\n",
       "  <tbody>\n",
       "    <tr>\n",
       "      <th>MedInc</th>\n",
       "      <td>1.000000</td>\n",
       "      <td>-0.119034</td>\n",
       "      <td>0.326895</td>\n",
       "      <td>-0.062040</td>\n",
       "      <td>0.004834</td>\n",
       "      <td>0.018766</td>\n",
       "      <td>-0.079809</td>\n",
       "      <td>-0.015176</td>\n",
       "      <td>0.688075</td>\n",
       "    </tr>\n",
       "    <tr>\n",
       "      <th>HouseAge</th>\n",
       "      <td>-0.119034</td>\n",
       "      <td>1.000000</td>\n",
       "      <td>-0.153277</td>\n",
       "      <td>-0.077747</td>\n",
       "      <td>-0.296244</td>\n",
       "      <td>0.013191</td>\n",
       "      <td>0.011173</td>\n",
       "      <td>-0.108197</td>\n",
       "      <td>0.105623</td>\n",
       "    </tr>\n",
       "    <tr>\n",
       "      <th>AveRooms</th>\n",
       "      <td>0.326895</td>\n",
       "      <td>-0.153277</td>\n",
       "      <td>1.000000</td>\n",
       "      <td>0.847621</td>\n",
       "      <td>-0.072213</td>\n",
       "      <td>-0.004852</td>\n",
       "      <td>0.106389</td>\n",
       "      <td>-0.027540</td>\n",
       "      <td>0.151948</td>\n",
       "    </tr>\n",
       "    <tr>\n",
       "      <th>AveBedrms</th>\n",
       "      <td>-0.062040</td>\n",
       "      <td>-0.077747</td>\n",
       "      <td>0.847621</td>\n",
       "      <td>1.000000</td>\n",
       "      <td>-0.066197</td>\n",
       "      <td>-0.006181</td>\n",
       "      <td>0.069721</td>\n",
       "      <td>0.013344</td>\n",
       "      <td>-0.046701</td>\n",
       "    </tr>\n",
       "    <tr>\n",
       "      <th>Population</th>\n",
       "      <td>0.004834</td>\n",
       "      <td>-0.296244</td>\n",
       "      <td>-0.072213</td>\n",
       "      <td>-0.066197</td>\n",
       "      <td>1.000000</td>\n",
       "      <td>0.069863</td>\n",
       "      <td>-0.108785</td>\n",
       "      <td>0.099773</td>\n",
       "      <td>-0.024650</td>\n",
       "    </tr>\n",
       "    <tr>\n",
       "      <th>AveOccup</th>\n",
       "      <td>0.018766</td>\n",
       "      <td>0.013191</td>\n",
       "      <td>-0.004852</td>\n",
       "      <td>-0.006181</td>\n",
       "      <td>0.069863</td>\n",
       "      <td>1.000000</td>\n",
       "      <td>0.002366</td>\n",
       "      <td>0.002476</td>\n",
       "      <td>-0.023737</td>\n",
       "    </tr>\n",
       "    <tr>\n",
       "      <th>Latitude</th>\n",
       "      <td>-0.079809</td>\n",
       "      <td>0.011173</td>\n",
       "      <td>0.106389</td>\n",
       "      <td>0.069721</td>\n",
       "      <td>-0.108785</td>\n",
       "      <td>0.002366</td>\n",
       "      <td>1.000000</td>\n",
       "      <td>-0.924664</td>\n",
       "      <td>-0.144160</td>\n",
       "    </tr>\n",
       "    <tr>\n",
       "      <th>Longitude</th>\n",
       "      <td>-0.015176</td>\n",
       "      <td>-0.108197</td>\n",
       "      <td>-0.027540</td>\n",
       "      <td>0.013344</td>\n",
       "      <td>0.099773</td>\n",
       "      <td>0.002476</td>\n",
       "      <td>-0.924664</td>\n",
       "      <td>1.000000</td>\n",
       "      <td>-0.045967</td>\n",
       "    </tr>\n",
       "    <tr>\n",
       "      <th>MedHouseVal</th>\n",
       "      <td>0.688075</td>\n",
       "      <td>0.105623</td>\n",
       "      <td>0.151948</td>\n",
       "      <td>-0.046701</td>\n",
       "      <td>-0.024650</td>\n",
       "      <td>-0.023737</td>\n",
       "      <td>-0.144160</td>\n",
       "      <td>-0.045967</td>\n",
       "      <td>1.000000</td>\n",
       "    </tr>\n",
       "  </tbody>\n",
       "</table>\n",
       "</div>"
      ],
      "text/plain": [
       "               MedInc  HouseAge  AveRooms  AveBedrms  Population  AveOccup  \\\n",
       "MedInc       1.000000 -0.119034  0.326895  -0.062040    0.004834  0.018766   \n",
       "HouseAge    -0.119034  1.000000 -0.153277  -0.077747   -0.296244  0.013191   \n",
       "AveRooms     0.326895 -0.153277  1.000000   0.847621   -0.072213 -0.004852   \n",
       "AveBedrms   -0.062040 -0.077747  0.847621   1.000000   -0.066197 -0.006181   \n",
       "Population   0.004834 -0.296244 -0.072213  -0.066197    1.000000  0.069863   \n",
       "AveOccup     0.018766  0.013191 -0.004852  -0.006181    0.069863  1.000000   \n",
       "Latitude    -0.079809  0.011173  0.106389   0.069721   -0.108785  0.002366   \n",
       "Longitude   -0.015176 -0.108197 -0.027540   0.013344    0.099773  0.002476   \n",
       "MedHouseVal  0.688075  0.105623  0.151948  -0.046701   -0.024650 -0.023737   \n",
       "\n",
       "             Latitude  Longitude  MedHouseVal  \n",
       "MedInc      -0.079809  -0.015176     0.688075  \n",
       "HouseAge     0.011173  -0.108197     0.105623  \n",
       "AveRooms     0.106389  -0.027540     0.151948  \n",
       "AveBedrms    0.069721   0.013344    -0.046701  \n",
       "Population  -0.108785   0.099773    -0.024650  \n",
       "AveOccup     0.002366   0.002476    -0.023737  \n",
       "Latitude     1.000000  -0.924664    -0.144160  \n",
       "Longitude   -0.924664   1.000000    -0.045967  \n",
       "MedHouseVal -0.144160  -0.045967     1.000000  "
      ]
     },
     "execution_count": 95,
     "metadata": {},
     "output_type": "execute_result"
    }
   ],
   "source": [
    "import numpy as np\n",
    "import matplotlib.pyplot as plt\n",
    "import seaborn as sns\n",
    "\n",
    "cov_mat = df.cov()\n",
    "corr_mat = df.corr()\n",
    "print(cov_mat)\n",
    "corr_mat\n",
    "\n"
   ]
  },
  {
   "cell_type": "code",
   "execution_count": 138,
   "id": "13ff6c43",
   "metadata": {},
   "outputs": [
    {
     "name": "stdout",
     "output_type": "stream",
     "text": [
      "               MedInc    HouseAge  AveRooms  AveBedrms  Population  \\\n",
      "MedInc       3.609323   -2.846140  1.536568  -0.055858    0.010401   \n",
      "HouseAge    -2.846140  158.396260 -4.772882  -0.463718   -4.222271   \n",
      "AveRooms     1.536568   -4.772882  6.121533   0.993868   -0.202334   \n",
      "AveBedrms   -0.055858   -0.463718  0.993868   0.224592   -0.035527   \n",
      "Population   0.010401   -4.222271 -0.202334  -0.035527    1.282470   \n",
      "AveOccup     0.370289    1.724298 -0.124689  -0.030424    0.821712   \n",
      "Latitude    -0.323860    0.300346  0.562235   0.070575   -0.263138   \n",
      "Longitude   -0.057765   -2.728244 -0.136518   0.012670    0.226378   \n",
      "MedHouseVal  1.508475    1.533988  0.433826  -0.025539   -0.032212   \n",
      "\n",
      "               AveOccup  Latitude  Longitude  MedHouseVal  \n",
      "MedInc         0.370289 -0.323860  -0.057765     1.508475  \n",
      "HouseAge       1.724298  0.300346  -2.728244     1.533988  \n",
      "AveRooms      -0.124689  0.562235  -0.136518     0.433826  \n",
      "AveBedrms     -0.030424  0.070575   0.012670    -0.025539  \n",
      "Population     0.821712 -0.263138   0.226378    -0.032212  \n",
      "AveOccup     107.870026  0.052492   0.051519    -0.284494  \n",
      "Latitude       0.052492  4.562293  -3.957054    -0.355326  \n",
      "Longitude      0.051519 -3.957054   4.014139    -0.106274  \n",
      "MedHouseVal   -0.284494 -0.355326  -0.106274     1.331615  \n"
     ]
    },
    {
     "data": {
      "text/html": [
       "<div>\n",
       "<style scoped>\n",
       "    .dataframe tbody tr th:only-of-type {\n",
       "        vertical-align: middle;\n",
       "    }\n",
       "\n",
       "    .dataframe tbody tr th {\n",
       "        vertical-align: top;\n",
       "    }\n",
       "\n",
       "    .dataframe thead th {\n",
       "        text-align: right;\n",
       "    }\n",
       "</style>\n",
       "<table border=\"1\" class=\"dataframe\">\n",
       "  <thead>\n",
       "    <tr style=\"text-align: right;\">\n",
       "      <th></th>\n",
       "      <th>MedInc</th>\n",
       "      <th>HouseAge</th>\n",
       "      <th>AveRooms</th>\n",
       "      <th>AveBedrms</th>\n",
       "      <th>Population</th>\n",
       "      <th>AveOccup</th>\n",
       "      <th>Latitude</th>\n",
       "      <th>Longitude</th>\n",
       "      <th>MedHouseVal</th>\n",
       "    </tr>\n",
       "  </thead>\n",
       "  <tbody>\n",
       "    <tr>\n",
       "      <th>MedInc</th>\n",
       "      <td>1.000000</td>\n",
       "      <td>-0.119034</td>\n",
       "      <td>0.326895</td>\n",
       "      <td>-0.062040</td>\n",
       "      <td>0.004834</td>\n",
       "      <td>0.018766</td>\n",
       "      <td>-0.079809</td>\n",
       "      <td>-0.015176</td>\n",
       "      <td>0.688075</td>\n",
       "    </tr>\n",
       "    <tr>\n",
       "      <th>HouseAge</th>\n",
       "      <td>-0.119034</td>\n",
       "      <td>1.000000</td>\n",
       "      <td>-0.153277</td>\n",
       "      <td>-0.077747</td>\n",
       "      <td>-0.296244</td>\n",
       "      <td>0.013191</td>\n",
       "      <td>0.011173</td>\n",
       "      <td>-0.108197</td>\n",
       "      <td>0.105623</td>\n",
       "    </tr>\n",
       "    <tr>\n",
       "      <th>AveRooms</th>\n",
       "      <td>0.326895</td>\n",
       "      <td>-0.153277</td>\n",
       "      <td>1.000000</td>\n",
       "      <td>0.847621</td>\n",
       "      <td>-0.072213</td>\n",
       "      <td>-0.004852</td>\n",
       "      <td>0.106389</td>\n",
       "      <td>-0.027540</td>\n",
       "      <td>0.151948</td>\n",
       "    </tr>\n",
       "    <tr>\n",
       "      <th>AveBedrms</th>\n",
       "      <td>-0.062040</td>\n",
       "      <td>-0.077747</td>\n",
       "      <td>0.847621</td>\n",
       "      <td>1.000000</td>\n",
       "      <td>-0.066197</td>\n",
       "      <td>-0.006181</td>\n",
       "      <td>0.069721</td>\n",
       "      <td>0.013344</td>\n",
       "      <td>-0.046701</td>\n",
       "    </tr>\n",
       "    <tr>\n",
       "      <th>Population</th>\n",
       "      <td>0.004834</td>\n",
       "      <td>-0.296244</td>\n",
       "      <td>-0.072213</td>\n",
       "      <td>-0.066197</td>\n",
       "      <td>1.000000</td>\n",
       "      <td>0.069863</td>\n",
       "      <td>-0.108785</td>\n",
       "      <td>0.099773</td>\n",
       "      <td>-0.024650</td>\n",
       "    </tr>\n",
       "    <tr>\n",
       "      <th>AveOccup</th>\n",
       "      <td>0.018766</td>\n",
       "      <td>0.013191</td>\n",
       "      <td>-0.004852</td>\n",
       "      <td>-0.006181</td>\n",
       "      <td>0.069863</td>\n",
       "      <td>1.000000</td>\n",
       "      <td>0.002366</td>\n",
       "      <td>0.002476</td>\n",
       "      <td>-0.023737</td>\n",
       "    </tr>\n",
       "    <tr>\n",
       "      <th>Latitude</th>\n",
       "      <td>-0.079809</td>\n",
       "      <td>0.011173</td>\n",
       "      <td>0.106389</td>\n",
       "      <td>0.069721</td>\n",
       "      <td>-0.108785</td>\n",
       "      <td>0.002366</td>\n",
       "      <td>1.000000</td>\n",
       "      <td>-0.924664</td>\n",
       "      <td>-0.144160</td>\n",
       "    </tr>\n",
       "    <tr>\n",
       "      <th>Longitude</th>\n",
       "      <td>-0.015176</td>\n",
       "      <td>-0.108197</td>\n",
       "      <td>-0.027540</td>\n",
       "      <td>0.013344</td>\n",
       "      <td>0.099773</td>\n",
       "      <td>0.002476</td>\n",
       "      <td>-0.924664</td>\n",
       "      <td>1.000000</td>\n",
       "      <td>-0.045967</td>\n",
       "    </tr>\n",
       "    <tr>\n",
       "      <th>MedHouseVal</th>\n",
       "      <td>0.688075</td>\n",
       "      <td>0.105623</td>\n",
       "      <td>0.151948</td>\n",
       "      <td>-0.046701</td>\n",
       "      <td>-0.024650</td>\n",
       "      <td>-0.023737</td>\n",
       "      <td>-0.144160</td>\n",
       "      <td>-0.045967</td>\n",
       "      <td>1.000000</td>\n",
       "    </tr>\n",
       "  </tbody>\n",
       "</table>\n",
       "</div>"
      ],
      "text/plain": [
       "               MedInc  HouseAge  AveRooms  AveBedrms  Population  AveOccup  \\\n",
       "MedInc       1.000000 -0.119034  0.326895  -0.062040    0.004834  0.018766   \n",
       "HouseAge    -0.119034  1.000000 -0.153277  -0.077747   -0.296244  0.013191   \n",
       "AveRooms     0.326895 -0.153277  1.000000   0.847621   -0.072213 -0.004852   \n",
       "AveBedrms   -0.062040 -0.077747  0.847621   1.000000   -0.066197 -0.006181   \n",
       "Population   0.004834 -0.296244 -0.072213  -0.066197    1.000000  0.069863   \n",
       "AveOccup     0.018766  0.013191 -0.004852  -0.006181    0.069863  1.000000   \n",
       "Latitude    -0.079809  0.011173  0.106389   0.069721   -0.108785  0.002366   \n",
       "Longitude   -0.015176 -0.108197 -0.027540   0.013344    0.099773  0.002476   \n",
       "MedHouseVal  0.688075  0.105623  0.151948  -0.046701   -0.024650 -0.023737   \n",
       "\n",
       "             Latitude  Longitude  MedHouseVal  \n",
       "MedInc      -0.079809  -0.015176     0.688075  \n",
       "HouseAge     0.011173  -0.108197     0.105623  \n",
       "AveRooms     0.106389  -0.027540     0.151948  \n",
       "AveBedrms    0.069721   0.013344    -0.046701  \n",
       "Population  -0.108785   0.099773    -0.024650  \n",
       "AveOccup     0.002366   0.002476    -0.023737  \n",
       "Latitude     1.000000  -0.924664    -0.144160  \n",
       "Longitude   -0.924664   1.000000    -0.045967  \n",
       "MedHouseVal -0.144160  -0.045967     1.000000  "
      ]
     },
     "execution_count": 138,
     "metadata": {},
     "output_type": "execute_result"
    }
   ],
   "source": [
    "copydf = df.copy()\n",
    "\n",
    "copydf[\"Population\"] /= 1000\n",
    "copydf\n",
    "print(copydf.cov())\n",
    "copydf.corr()"
   ]
  },
  {
   "cell_type": "markdown",
   "id": "316aead6",
   "metadata": {},
   "source": [
    "cov---> scale , variance\n",
    "ba / ---> norm\n",
    "----> corr"
   ]
  },
  {
   "cell_type": "code",
   "execution_count": 96,
   "id": "0c0081c8",
   "metadata": {},
   "outputs": [
    {
     "data": {
